120,35
3,2
3,1
3,3
10,285
10,85
10,5
10,265
10,227
10,273
10,69
10,19
9,2
9,3
8,16
8,12
8,4
8,14
8,13
8,15
8,10
8,2
8,3
118,4
118,3
118,2
118,1
118,0
111,4
111,3
111,2
111,1
111,0
109,4
109,3
109,2
109,1
109,0
88,4
88,3
88,2
88,1
88,0
87,4
87,3
87,2
87,1
87,0
80,3
80,2
80,1
80,0
20,3
20,2
20,1
19,3
19,2
19,1
17,3
17,2
17,1
16,3
16,2
16,1
18,1
15,3
18,3
15,2
15,1
14,2
14,3
14,1
13,3
13,2
13,1
12,3
12,2
12,1
11,29
11,28
11,27
11,26
11,25
11,24
11,23
11,22
11,21
11,20
11,19
11,18
11,17
11,16
11,15
11,14
11,13
11,12
11,11
11,10
11,9
11,7
11,4
11,3
11,2
11,1
10,312
10,303
10,293
10,283
10,262
10,253
10,251
10,237
10,236
10,222
10,196
